matrix_dim, etime, flops, cores
8192, 74.482379, 14762036907.763111, 10
8192, 69.769163, 15759277888.656912, 10
8192, 76.984561, 14282235470.252275, 10
8192, 73.410118, 14977657817.904612, 10
8192, 71.175784, 15447833040.743185, 10
8192, 72.857313, 15091300824.887680, 10
8192, 71.270887, 15427219641.254078, 10
8192, 77.340291, 14216543712.978790, 10
8192, 71.606990, 15354808626.587992, 10
8192, 74.028448, 14852555436.202040, 10
matrix_dim, etime, flops, cores
8192, 73.037640, 15054041009.211142, 11
8192, 70.791904, 15531601294.068880, 11
8192, 72.097040, 15250440625.246195, 11
8192, 77.732244, 14144858956.805622, 11
8192, 71.530573, 15371212359.448036, 11
8192, 67.262729, 16346521232.821228, 11
8192, 68.582141, 16032039999.684467, 11
8192, 73.251831, 15010022449.486622, 11
8192, 68.352773, 16085837918.763004, 11
8192, 68.053823, 16156500535.994871, 11
matrix_dim, etime, flops, cores
8192, 69.603905, 15796694564.421350, 12
8192, 61.634652, 17839179618.893604, 12
8192, 68.685635, 16007883275.389387, 12
8192, 71.459433, 15386514860.480350, 12
8192, 65.975406, 16665477250.355988, 12
8192, 67.375449, 16319173290.793207, 12
8192, 66.634486, 16500639440.304230, 12
8192, 65.987692, 16662374367.874544, 12
8192, 67.573049, 16271452066.281633, 12
8192, 66.621042, 16503969238.067455, 12
matrix_dim, etime, flops, cores
8192, 64.664919, 17003216655.633636, 13
8192, 61.037085, 18013829260.948486, 13
8192, 65.089339, 16892345884.415880, 13
8192, 62.061007, 17716625638.639736, 13
8192, 65.418968, 16807229789.623093, 13
8192, 63.598071, 17288443037.462566, 13
8192, 67.494165, 16290469372.811710, 13
8192, 63.748532, 17247638389.163219, 13
8192, 67.416550, 16309224185.693275, 13
8192, 59.436809, 18498833404.330303, 13
matrix_dim, etime, flops, cores
8192, 60.920573, 18048281124.604656, 14
8192, 63.717598, 17256011875.651684, 14
8192, 56.765295, 19369433872.861931, 14
8192, 64.902317, 16941022733.841692, 14
8192, 63.119447, 17419538352.039112, 14
8192, 62.070679, 17713864992.132599, 14
8192, 62.551779, 17577623616.044556, 14
8192, 65.028668, 16908106249.016205, 14
8192, 56.063492, 19611900517.648811, 14
8192, 59.816412, 18381437318.172813, 14
matrix_dim, etime, flops, cores
8192, 57.078729, 19263071323.399651, 15
8192, 57.695033, 19057301306.613342, 15
8192, 54.254037, 20265987354.563129, 15
8192, 58.697460, 18731843384.296356, 15
8192, 53.044169, 20728227974.991936, 15
8192, 56.452897, 19476620088.708645, 15
8192, 56.969835, 19299891385.958900, 15
8192, 54.654982, 20117317535.224876, 15
8192, 55.064265, 19967789051.138702, 15
8192, 64.009692, 17177267901.492167, 15
matrix_dim, etime, flops, cores
8192, 53.637816, 20498814265.219151, 16
8192, 52.651084, 20882981778.228916, 16
8192, 59.070243, 18613629670.966480, 16
8192, 52.086288, 21109425724.021645, 16
8192, 54.414075, 20206382774.603813, 16
8192, 56.495972, 19461770261.709984, 16
8192, 54.205836, 20284008308.182907, 16
8192, 55.357715, 19861940251.254951, 16
8192, 53.737417, 20460820209.799068, 16
8192, 58.134648, 18913189734.562424, 16
matrix_dim, etime, flops, cores
8192, 51.708613, 21263607046.973007, 17
8192, 53.767097, 20449525623.003227, 17
8192, 53.468429, 20563754131.919605, 17
8192, 54.497707, 20175374126.768307, 17
8192, 53.245737, 20649758830.007370, 17
8192, 54.853246, 20044604612.387024, 17
8192, 53.508721, 20548269650.773376, 17
8192, 52.000824, 21144119327.339890, 17
8192, 53.299925, 20628765008.130875, 17
8192, 55.006021, 19988932262.088181, 17
matrix_dim, etime, flops, cores
8192, 561.312545, 1958822473.451043, 1
8192, 561.818269, 1957059227.947605, 1
8192, 557.969343, 1970559210.053231, 1
8192, 554.584848, 1982585048.511820, 1
8192, 569.321889, 1931265333.407899, 1
8192, 560.661520, 1961097005.152057, 1
8192, 558.243651, 1969590922.899721, 1
8192, 555.781272, 1978317160.309065, 1
8192, 558.858895, 1967422613.495308, 1
8192, 558.696383, 1967994891.737110, 1
matrix_dim, etime, flops, cores
8192, 50.157551, 21921158546.516754, 18
8192, 51.638023, 21292674736.521187, 18
8192, 54.020712, 20353519734.726933, 18
8192, 53.867174, 20411533520.878597, 18
matrix_dim, etime, flops, cores
8192, 59.696392, 18418393322.263092, 19
matrix_dim, etime, flops, cores
8192, 51.098837, 21517351320.070160, 20
matrix_dim, etime, flops, cores
8192, 49.392141, 22260861860.108471, 21
matrix_dim, etime, flops, cores
8192, 51.511076, 21345149687.341026, 22
matrix_dim, etime, flops, cores
8192, 52.484663, 20949198583.517628, 23
matrix_dim, etime, flops, cores
8192, 48.304551, 22762071171.637638, 24
matrix_dim, etime, flops, cores
8192, 48.880573, 22493836718.648941, 25
matrix_dim, etime, flops, cores
8192, 47.957339, 22926868977.780441, 26
matrix_dim, etime, flops, cores
8192, 48.615077, 22616679755.048008, 27
matrix_dim, etime, flops, cores
8192, 268.478845, 4095338043.397796, 2
8192, 271.781530, 4045571558.067246, 2
8192, 271.944182, 4043151869.217044, 2
8192, 271.285053, 4052975332.098374, 2
8192, 272.647600, 4032720727.327143, 2
8192, 274.454019, 4006177908.351198, 2
8192, 270.419127, 4065953617.903663, 2
8192, 272.506679, 4034806162.589505, 2
8192, 272.251041, 4038594760.693679, 2
8192, 269.252865, 4083565193.543994, 2
matrix_dim, etime, flops, cores
8192, 44.439734, 24741633867.025394, 28
8192, 44.458760, 24731045755.122276, 28
8192, 45.502000, 24164028565.249878, 28
8192, 46.679996, 23554235689.651730, 28
8192, 44.615345, 24644248022.199539, 28
8192, 44.547399, 24681836705.572868, 28
8192, 44.487960, 24714813351.207832, 28
8192, 44.736145, 24577701716.944988, 28
8192, 44.811969, 24536115067.293743, 28
8192, 44.719628, 24586779384.121891, 28
matrix_dim, etime, flops, cores
8192, 44.968880, 24450500607.887054, 28
matrix_dim, etime, flops, cores
8192, 183.922918, 5978111046.367805, 3
8192, 186.098427, 5908226337.539114, 3
8192, 183.142749, 6003577175.616163, 3
8192, 182.348309, 6029733063.090813, 3
8192, 184.760001, 5951026314.272428, 3
8192, 182.045508, 6039762473.985351, 3
8192, 183.020242, 6007595748.758763, 3
8192, 181.922905, 6043832841.037802, 3
8192, 181.469932, 6058919048.782142, 3
8192, 182.524805, 6023902492.463970, 3
matrix_dim, etime, flops, cores
8192, 140.392400, 7831703338.471313, 4
8192, 140.179670, 7843588358.968173, 4
8192, 139.135815, 7902434235.038620, 4
8192, 140.920336, 7802363086.730081, 4
8192, 139.701087, 7870458644.147844, 4
8192, 139.258607, 7895466222.608416, 4
8192, 140.648935, 7817418793.651015, 4
8192, 140.251004, 7839598979.098930, 4
8192, 140.641997, 7817804434.162009, 4
8192, 140.334119, 7834955858.282761, 4
matrix_dim, etime, flops, cores
8192, 117.199968, 9381501092.013950, 5
8192, 115.163012, 9547437225.556414, 5
8192, 116.558188, 9433156491.554243, 5
8192, 115.200274, 9544349067.919752, 5
8192, 116.467064, 9440537006.891495, 5
8192, 114.615713, 9593026985.540804, 5
8192, 114.240003, 9624576320.923241, 5
8192, 114.909135, 9568531063.922812, 5
8192, 116.839245, 9410465017.777203, 5
8192, 116.881124, 9407093208.446558, 5
matrix_dim, etime, flops, cores
8192, 101.258839, 10858426174.291807, 6
8192, 104.608121, 10510767398.030216, 6
8192, 97.863692, 11235133329.897261, 6
8192, 103.493278, 10623990746.297552, 6
8192, 100.037800, 10990961694.239576, 6
8192, 100.566294, 10933202209.638947, 6
8192, 100.930855, 10893711618.473856, 6
8192, 99.996322, 10995520693.011087, 6
8192, 100.890279, 10898092845.753752, 6
8192, 98.957909, 11110901987.389406, 6
matrix_dim, etime, flops, cores
8192, 90.655261, 12128492220.390829, 7
8192, 88.585691, 12411842311.824379, 7
8192, 91.261915, 12047869341.510092, 7
8192, 90.083104, 12205525553.115931, 7
8192, 86.395742, 12726456215.585255, 7
8192, 89.840012, 12238551657.539850, 7
8192, 92.666558, 11865247307.189289, 7
8192, 90.486025, 12151176137.707453, 7
8192, 89.310973, 12311047465.309776, 7
8192, 87.626444, 12547714794.588718, 7
matrix_dim, etime, flops, cores
8192, 84.846011, 12958907729.627972, 8
8192, 84.662123, 12987054763.273537, 8
8192, 82.637505, 13305237467.854336, 8
8192, 79.659300, 13802677500.003138, 8
8192, 86.720182, 12678843637.297718, 8
8192, 81.523833, 13486996223.251673, 8
8192, 82.688503, 13297031484.243946, 8
8192, 82.578879, 13314683380.189745, 8
8192, 81.717016, 13455112308.261477, 8
8192, 84.162351, 13064174357.201595, 8
matrix_dim, etime, flops, cores
8192, 76.569413, 14359671632.535566, 9
8192, 76.591056, 14355613895.387472, 9
8192, 78.802178, 13952807595.952488, 9
8192, 77.586264, 14171472772.242262, 9
8192, 80.525057, 13654279409.898460, 9
8192, 78.005537, 14095302334.448385, 9
8192, 77.238340, 14235308886.441631, 9
8192, 81.801936, 13441144324.212572, 9
8192, 72.133145, 15242807280.564295, 9
8192, 80.722601, 13620864716.388412, 9
